g = 9.81;
l = 0.4873;   %effective length 
a = 23.2135;           %nominal motor parameters
b = 0.003; 
omegan = 4.4869;
Kp = 57744;
Ki = 269020;
Jp = 0.12;
Ji = 0.13;
Ci = 0.14;
%simulink